    5       9
 
N   1309.5840   T2     1
    0.00000
    0.00000
   -0.12473
   -0.32868
    0.00000
    0.37159
    0.32868
    0.00000
    0.37159
    0.00000
    0.32868
    0.37159
    0.00000
   -0.32868
    0.37159
 
N   1309.8859   T2     2
    0.02344
   -0.12251
    0.00000
   -0.02615
    0.59324
    0.06177
   -0.02615
    0.59324
   -0.06177
   -0.11350
    0.13668
    0.32284
   -0.11350
    0.13668
   -0.32284
 
N   1309.8859   T2     3
    0.12251
    0.02344
    0.00000
   -0.13668
   -0.11350
    0.32284
   -0.13668
   -0.11350
   -0.32284
   -0.59324
   -0.02615
   -0.06177
   -0.59324
   -0.02615
    0.06177
 
N   1530.9035    E     4
    0.00000
    0.00000
    0.00000
    0.28867
    0.00000
   -0.40825
   -0.28867
    0.00000
   -0.40825
    0.00000
    0.28867
    0.40825
    0.00000
   -0.28867
    0.40825
 
N   1531.1770    E     5
    0.00000
    0.00000
    0.00000
    0.00000
    0.50000
    0.00000
    0.00000
   -0.50000
    0.00000
    0.50000
    0.00000
    0.00000
   -0.50000
    0.00000
    0.00000
 
N   3026.8891   A1     6
    0.00000
    0.00000
    0.00000
    0.40825
    0.00000
    0.28867
   -0.40825
    0.00000
    0.28867
    0.00000
    0.40825
   -0.28867
    0.00000
   -0.40825
   -0.28867
 
N   3148.3505   T2     7
    0.00008
    0.09228
    0.00000
   -0.00051
    0.01861
   -0.00037
   -0.00051
    0.01861
    0.00037
    0.00002
   -0.56842
    0.41509
    0.00002
   -0.56842
   -0.41509
 
N   3148.3505   T2     8
   -0.09228
    0.00008
    0.00000
    0.56842
    0.00002
    0.41509
    0.56842
    0.00002
   -0.41509
   -0.01861
   -0.00051
    0.00037
   -0.01861
   -0.00051
   -0.00037
 
N   3148.3737   T2     9
    0.00000
    0.00000
    0.09227
   -0.41510
    0.00000
   -0.27489
    0.41510
    0.00000
   -0.27489
    0.00000
    0.41510
   -0.27489
    0.00000
   -0.41510
   -0.27489
END
